Matrix: [-0.6652451349651806, -9.620972855792273, 1144.561469988118, -0.2425185157379307, -10.66978068477464, 1315.254889450699, -0.000266117218104874, -0.01007590124612281, 1]
Error: [5.846917]