Matrix: [3.775749870135431, 17.21097181186204, -986.1518665019161, 0.5492166781072961, 23.11494421915456, -1125.57892913749, 0.0007707595352949053, 0.01702218406881415, 1]
Error: [5.316614]